2011 01 01 02 50
2011 01 01 06 16
2011 01 03 03 33
2011 01 03 13 49
2011 01 03 15 29
2011 01 03 19 05
2011 01 03 20 59
2011 01 04 00 22
2011 01 04 00 41
2011 01 04 12 20
2011 01 05 04 18
2011 01 05 17 24
2011 01 06 07 21
2011 01 06 21 40
2011 01 08 11 05
2011 01 09 13 16
2011 01 10 16 54
2011 01 11 14 05
2011 01 11 17 41
2011 01 12 00 32
2011 01 12 06 42
2011 01 12 16 38
2011 01 12 19 20
2011 01 12 23 09
2011 01 13 02 57
2011 01 13 22 15
2011 01 15 11 39
2011 01 15 13 12
2011 01 15 15 07
2011 01 15 16 00
2011 01 16 05 33
2011 01 17 03 24
2011 01 17 03 41
2011 01 18 15 43
2011 01 19 02 25
2011 01 19 02 54
2011 01 19 19 19
2011 01 20 06 11
2011 01 21 02 09
2011 01 21 08 00
2011 01 21 18 11
2011 01 21 20 50
2011 01 22 04 19
2011 01 22 11 22
2011 01 22 17 57
2011 01 22 19 54
2011 01 22 20 09
2011 01 22 20 54
2011 01 24 20 21
2011 01 24 21 54
2011 01 25 07 35
2011 01 25 17 03
2011 01 26 07 59
2011 01 27 03 10
2011 01 27 16 05
2011 01 28 11 11
2011 02 01 05 43
2011 02 01 21 37
2011 02 02 01 51
2011 02 02 11 56
2011 02 02 12 32
2011 02 02 18 07
2011 02 03 15 03
2011 02 03 19 42
2011 02 03 23 37
2011 02 04 20 02
2011 02 05 22 27
2011 02 06 09 24
2011 02 07 13 22
2011 02 08 22 08
2011 02 10 13 22
2011 02 10 18 37
2011 02 11 02 45
2011 02 11 03 56
2011 02 11 05 23
2011 02 11 05 45
2011 02 11 06 54
2011 02 12 01 34
2011 02 13 06 11
2011 02 13 08 29
2011 02 14 09 48
2011 02 14 16 28
2011 02 14 21 52
2011 02 15 04 45
2011 02 15 18 06
2011 02 15 20 07
2011 02 16 00 27
2011 02 16 08 37
2011 02 17 18 52
2011 02 18 13 38
2011 02 18 16 25
2011 02 19 04 24
2011 02 19 11 12
2011 02 19 17 41
2011 02 20 01 23
2011 02 21 02 47
2011 02 21 04 37
2011 02 21 04 46
2011 02 21 05 27
2011 02 21 09 37
2011 02 22 10 52
2011 02 22 21 01
2011 02 22 21 08
2011 02 23 01 26
2011 02 23 11 10
2011 02 23 18 55
2011 02 24 19 27
2011 02 25 07 24
2011 02 26 14 30
2011 02 27 05 18
2011 02 28 07 57
2011 02 28 13 01
2011 02 28 14 57
2011 02 28 18 39
2011 02 28 18 53
2011 03 01 01 42
2011 03 01 06 24
2011 03 02 05 26
2011 03 02 09 06
2011 03 02 09 57
2011 03 02 12 20
2011 03 03 17 50
2011 03 04 07 03
2011 03 04 14 14
2011 03 05 01 06
2011 03 05 05 38
2011 03 05 16 37
2011 03 06 21 07
2011 03 07 09 21
2011 03 07 22 19
2011 03 08 06 10
2011 03 09 01 45
2011 03 09 18 38
2011 03 09 19 59
2011 03 10 10 47
2011 03 10 11 01
2011 03 10 19 38
2011 03 11 08 20
2011 03 11 11 35
2011 03 12 01 00
2011 03 12 06 57
2011 03 12 17 53
2011 03 12 18 11
2011 03 12 22 17
2011 03 13 12 06
2011 03 13 13 06
2011 03 13 20 03
2011 03 13 23 15
2011 03 14 21 37
2011 03 14 21 54
2011 03 15 00 08
2011 03 16 06 41
2011 03 16 17 40
2011 03 16 21 34
2011 03 17 00 39
2011 03 17 04 22
2011 03 17 05 01
2011 03 17 11 09
2011 03 19 03 36
2011 03 19 06 28
2011 03 19 08 44
2011 03 20 04 59
2011 03 21 07 02
2011 03 21 09 41
2011 03 21 12 38
2011 03 22 01 45
2011 03 22 09 46
2011 03 22 16 20
2011 03 22 20 07
2011 03 22 20 13
2011 03 22 22 09
2011 03 23 00 21
2011 03 23 03 09
2011 03 23 07 00
2011 03 23 17 18
2011 03 24 14 20
2011 03 24 16 04
2011 03 25 01 54
2011 03 25 02 12
2011 03 25 12 05
2011 03 26 06 58
2011 03 27 02 18
2011 03 28 03 12
2011 03 28 13 23
2011 03 28 18 51
2011 03 28 20 03
2011 04 02 00 46
2011 04 03 07 12
2011 04 03 14 51
2011 04 03 18 39
2011 04 04 10 59
2011 04 04 14 16
2011 04 05 03 04
2011 04 05 06 41
2011 04 06 18 00
2011 04 06 21 50
2011 04 07 07 22
2011 04 07 17 46
2011 04 07 22 05
2011 04 08 09 35
2011 04 08 17 42
2011 04 08 23 20
2011 04 09 06 53
2011 04 09 14 29
2011 04 09 22 30
2011 04 10 01 59
2011 04 10 13 12
2011 04 12 06 06
2011 04 12 07 31
2011 04 12 13 56
2011 04 13 08 24
2011 04 13 19 31
2011 04 15 05 06
2011 04 16 08 02
2011 04 16 20 59
2011 04 17 08 01
2011 04 17 20 19
2011 04 17 22 42
2011 04 18 02 36
2011 04 18 21 59
2011 04 19 07 19
2011 04 19 08 22
2011 04 21 18 32
2011 04 22 11 00
2011 04 22 22 10
2011 04 23 09 59
2011 04 23 21 34
2011 04 24 05 10
2011 04 25 01 50
2011 04 25 16 41
2011 04 25 18 23
2011 04 27 06 48
2011 04 27 06 50
2011 04 28 06 17
2011 05 01 07 10
2011 05 03 00 06
2011 05 03 02 28
2011 05 03 09 12
2011 05 03 20 14
2011 05 04 17 01
2011 05 05 07 02
2011 05 05 20 57
2011 05 05 22 40
2011 05 06 03 48
2011 05 07 07 55
2011 05 07 12 18
2011 05 07 12 31
2011 05 07 16 57
2011 05 08 23 59
2011 05 09 20 59
2011 05 10 02 22
2011 05 10 06 20
2011 05 10 09 14
2011 05 10 21 01
2011 05 11 03 22
2011 05 11 06 30
2011 05 12 03 20
2011 05 13 03 06
2011 05 13 07 03
2011 05 13 11 17
2011 05 13 20 37
2011 05 14 14 53
2011 05 14 19 54
2011 05 14 20 33
2011 05 15 04 49
2011 05 16 16 03
2011 05 17 09 50
2011 05 19 06 17
2011 05 19 06 35
2011 05 19 07 19
2011 05 20 00 23
2011 05 20 21 14
2011 05 20 23 14
2011 05 22 01 49
2011 05 22 02 50
2011 05 22 14 06
2011 05 22 20 12
2011 05 23 11 04
2011 05 23 17 03
2011 05 24 00 31
2011 05 24 06 32
2011 05 24 06 45
2011 05 24 22 28
2011 05 25 11 51
2011 05 25 15 09
2011 05 26 09 30
2011 05 26 20 55
2011 05 26 21 37
2011 05 27 07 02
2011 05 28 11 04
2011 06 01 02 25
2011 06 01 06 52
2011 06 01 12 11
2011 06 01 13 40
2011 06 01 18 54
2011 06 02 18 15
2011 06 02 20 21
2011 06 03 20 23
2011 06 04 01 17
2011 06 04 09 42
2011 06 05 04 12
2011 06 06 00 57
2011 06 06 03 36
2011 06 06 06 33
2011 06 06 08 44
2011 06 06 23 58
2011 06 07 00 47
2011 06 07 20 30
2011 06 07 21 18
2011 06 08 08 55
2011 06 09 06 06
2011 06 09 14 13
2011 06 09 16 03
2011 06 09 16 29
2011 06 11 04 39
2011 06 11 18 09
2011 06 11 20 43
2011 06 12 02 41
2011 06 12 08 49
2011 06 12 13 31
2011 06 13 01 35
2011 06 14 04 40
2011 06 14 12 30
2011 06 15 18 18
2011 06 15 20 36
2011 06 16 11 13
2011 06 17 06 01
2011 06 17 15 35
2011 06 17 17 01
2011 06 17 20 28
2011 06 18 14 18
2011 06 18 17 55
2011 06 18 20 00
2011 06 18 22 32
2011 06 19 00 56
2011 06 19 16 16
2011 06 19 21 50
2011 06 20 12 46
2011 06 21 03 52
2011 06 21 15 54
2011 06 21 22 31
2011 06 22 02 20
2011 06 22 11 37
2011 06 23 11 17
2011 06 23 15 20
2011 06 23 23 27
2011 06 25 04 22
2011 06 25 10 33
2011 06 25 19 22
2011 06 25 19 55
2011 06 26 02 34
2011 06 26 04 55
2011 06 27 16 10
2011 06 28 07 58
2011 06 28 10 13
2011 06 28 22 44
2011 07 01 00 34
2011 07 01 07 30
2011 07 02 13 33
2011 07 02 15 41
2011 07 02 22 24
2011 07 03 18 41
2011 07 03 20 21
2011 07 04 05 58
2011 07 04 23 31
2011 07 05 00 22
2011 07 07 05 09
2011 07 07 07 33
2011 07 07 12 21
2011 07 08 09 50
2011 07 08 10 00
2011 07 09 21 19
2011 07 10 05 00
2011 07 10 07 57
2011 07 10 17 31
2011 07 10 18 43
2011 07 10 22 30
2011 07 11 00 11
2011 07 12 23 31
2011 07 13 11 31
2011 07 13 12 53
2011 07 13 19 59
2011 07 14 07 10
2011 07 14 14 50
2011 07 14 15 57
2011 07 14 18 44
2011 07 15 11 55
2011 07 16 02 54
2011 07 16 06 13
2011 07 16 22 36
2011 07 17 03 40
2011 07 17 15 54
2011 07 17 17 02
2011 07 18 00 27
2011 07 18 12 19
2011 07 18 12 30
2011 07 19 03 23
2011 07 20 06 40
2011 07 20 15 16
2011 07 20 21 11
2011 07 21 04 11
2011 07 21 14 59
2011 07 22 01 55
2011 07 22 02 09
2011 07 23 12 37
2011 07 23 15 20
2011 07 23 15 42
2011 07 23 15 59
2011 07 23 21 33
2011 07 25 10 21
2011 07 25 16 34
2011 07 26 02 56
2011 07 27 11 05
2011 07 27 20 44
2011 07 28 17 01
2011 07 28 18 14
2011 07 28 19 52
2011 08 02 02 00
2011 08 02 02 15
2011 08 02 07 04
2011 08 03 01 38
2011 08 03 05 28
2011 08 05 03 23
2011 08 06 01 17
2011 08 06 04 15
2011 08 06 08 41
2011 08 06 09 11
2011 08 07 06 28
2011 08 07 19 11
2011 08 08 09 48
2011 08 08 14 18
2011 08 09 21 10
2011 08 10 02 22
2011 08 10 02 46
2011 08 10 20 28
2011 08 11 00 33
2011 08 11 06 25
2011 08 11 15 58
2011 08 12 03 17
2011 08 13 15 04
2011 08 13 23 31
2011 08 13 23 48
2011 08 14 12 24
2011 08 14 23 47
2011 08 15 22 49
2011 08 16 00 36
2011 08 16 08 25
2011 08 17 06 45
2011 08 17 09 58
2011 08 18 11 12
2011 08 20 18 37
2011 08 21 05 01
2011 08 22 09 35
2011 08 22 20 12
2011 08 23 02 13
2011 08 23 16 09
2011 08 24 14 16
2011 08 25 01 39
2011 08 25 02 43
2011 08 25 03 13
2011 08 25 07 25
2011 08 25 08 34
2011 08 26 13 45
2011 08 26 15 45
2011 08 27 14 01
2011 08 27 23 18
2011 08 28 07 08
2011 08 28 18 11
2011 09 01 01 00
2011 09 01 18 21
2011 09 02 05 30
2011 09 03 09 28
2011 09 03 13 05
2011 09 03 22 09
2011 09 04 21 43
2011 09 05 06 23
2011 09 06 10 29
2011 09 06 17 11
2011 09 07 08 01
2011 09 07 19 37
2011 09 07 20 10
2011 09 08 11 33
2011 09 09 07 52
2011 09 09 10 47
2011 09 09 15 08
2011 09 10 02 29
2011 09 10 06 47
2011 09 10 07 51
2011 09 11 17 05
2011 09 12 01 32
2011 09 12 07 52
2011 09 13 07 41
2011 09 14 05 45
2011 09 14 09 37
2011 09 14 10 55
2011 09 15 15 30
2011 09 15 21 02
2011 09 16 06 16
2011 09 16 08 03
2011 09 16 22 35
2011 09 17 01 24
2011 09 17 06 10
2011 09 17 19 14
2011 09 18 19 37
2011 09 20 00 11
2011 09 20 12 09
2011 09 21 19 20
2011 09 23 01 09
2011 09 23 01 37
2011 09 23 08 35
2011 09 23 22 41
2011 09 23 23 34
2011 09 24 15 48
2011 09 25 19 55
2011 09 26 03 46
2011 09 27 01 29
2011 09 27 02 17
2011 09 27 09 58
2011 09 27 20 24
2011 09 28 08 43
2011 10 04 13 42
2011 10 04 13 58
2011 10 04 14 11
2011 10 05 16 04
2011 10 05 23 27
2011 10 06 18 51
2011 10 06 20 36
2011 10 06 21 32
2011 10 07 05 48
2011 10 07 11 45
2011 10 07 23 34
2011 10 09 08 00
2011 10 10 04 35
2011 10 10 19 57
2011 10 10 22 07
2011 10 10 22 32
2011 10 11 10 07
2011 10 11 12 56
2011 10 12 02 04
2011 10 12 18 48
2011 10 13 02 22
2011 10 13 05 11
2011 10 13 12 46
2011 10 13 23 30
2011 10 14 05 31
2011 10 14 09 27
2011 10 15 00 31
2011 10 15 01 55
2011 10 15 02 31
2011 10 15 12 15
2011 10 15 18 59
2011 10 15 20 43
2011 10 15 21 21
2011 10 17 19 57
2011 10 18 15 37
2011 10 19 01 49
2011 10 19 09 44
2011 10 19 13 40
2011 10 19 15 25
2011 10 19 21 56
2011 10 20 05 31
2011 10 21 09 50
2011 10 21 20 13
2011 10 22 01 09
2011 10 22 05 58
2011 10 22 17 38
2011 10 23 16 31
2011 10 23 22 15
2011 10 23 23 43
2011 10 24 10 40
2011 10 24 18 48
2011 10 25 07 52
2011 10 26 09 49
2011 10 26 12 20
2011 10 26 14 44
2011 10 26 21 10
2011 10 27 05 47
2011 10 27 19 59
2011 11 01 13 45
2011 11 02 12 01
2011 11 02 14 19
2011 11 03 11 14
2011 11 03 17 09
2011 11 04 01 59
2011 11 04 21 16
2011 11 05 16 24
2011 11 05 21 49
2011 11 06 01 45
2011 11 06 06 34
2011 11 06 12 03
2011 11 07 15 05
2011 11 08 03 53
2011 11 08 08 54
2011 11 08 14 07
2011 11 09 06 19
2011 11 09 16 57
2011 11 09 20 46
2011 11 10 03 54
2011 11 10 07 58
2011 11 11 03 06
2011 11 11 04 42
2011 11 11 22 15
2011 11 13 00 25
2011 11 13 04 27
2011 11 13 05 26
2011 11 13 09 51
2011 11 13 17 08
2011 11 14 03 07
2011 11 14 04 55
2011 11 14 11 10
2011 11 14 18 46
2011 11 14 22 02
2011 11 15 02 00
2011 11 15 17 47
2011 11 15 22 05
2011 11 16 03 14
2011 11 16 04 48
2011 11 16 11 40
2011 11 16 12 08
2011 11 17 05 24
2011 11 19 08 28
2011 11 19 15 10
2011 11 20 06 20
2011 11 20 08 39
2011 11 20 21 49
2011 11 21 20 26
2011 11 21 22 20
2011 11 22 00 55
2011 11 22 01 13
2011 11 22 03 58
2011 11 22 10 24
2011 11 24 20 33
2011 11 24 23 18
2011 11 25 01 53
2011 11 25 13 13
2011 11 26 00 01
2011 11 26 13 40
2011 11 28 08 05
2011 11 28 10 32
2011 12 01 02 57
2011 12 01 07 20
2011 12 01 14 07
2011 12 02 08 36
2011 12 03 07 36
2011 12 03 12 11
2011 12 03 16 39
2011 12 04 13 40
2011 12 05 09 52
2011 12 05 17 25
2011 12 05 17 36
2011 12 05 21 37
2011 12 06 02 11
2011 12 06 23 07
2011 12 07 11 58
2011 12 07 15 32
2011 12 08 02 53
2011 12 08 18 49
2011 12 09 14 22
2011 12 10 10 09
2011 12 10 14 54
2011 12 11 01 17
2011 12 11 19 47
2011 12 12 04 46
2011 12 12 05 48
2011 12 12 13 45
2011 12 12 16 55
2011 12 13 06 11
2011 12 13 22 24
2011 12 14 00 40
2011 12 14 01 50
2011 12 14 04 29
2011 12 14 12 40
2011 12 16 00 54
2011 12 16 03 35
2011 12 17 20 21
2011 12 18 00 40
2011 12 18 12 11
2011 12 19 00 08
2011 12 20 03 55
2011 12 20 10 15
2011 12 21 04 26
2011 12 21 21 31
2011 12 21 22 05
2011 12 22 02 11
2011 12 22 04 55
2011 12 22 09 52
2011 12 22 17 47
2011 12 23 08 11
2011 12 23 15 07
2011 12 23 18 29
2011 12 24 04 12
2011 12 24 09 14
2011 12 25 00 11
2011 12 26 19 30
2011 12 26 22 31
2011 12 27 05 10
2011 12 27 08 39
2011 12 28 08 04
2011 12 28 09 35
2011 12 28 22 07
