2011 01 01 01 08
2011 01 01 03 31
2011 01 01 19 55
2011 01 02 09 17
2011 01 02 12 21
2011 01 02 18 29
2011 01 04 12 52
2011 01 05 02 33
2011 01 05 10 13
2011 01 05 19 02
2011 01 06 11 06
2011 01 06 19 03
2011 01 07 07 50
2011 01 08 01 18
2011 01 08 04 27
2011 01 08 06 47
2011 01 08 06 53
2011 01 08 17 40
2011 01 09 00 01
2011 01 09 04 00
2011 01 09 08 23
2011 01 10 18 52
2011 01 11 00 12
2011 01 11 10 59
2011 01 11 15 56
2011 01 12 03 42
2011 01 12 08 37
2011 01 14 10 51
2011 01 15 06 01
2011 01 15 07 03
2011 01 15 15 18
2011 01 16 03 37
2011 01 16 21 32
2011 01 17 02 31
2011 01 17 11 51
2011 01 18 01 06
2011 01 18 04 15
2011 01 18 08 02
2011 01 19 09 05
2011 01 20 04 38
2011 01 20 04 55
2011 01 20 23 43
2011 01 21 16 26
2011 01 22 05 45
2011 01 22 10 25
2011 01 23 02 25
2011 01 23 05 14
2011 01 24 12 51
2011 01 25 03 47
2011 01 25 06 20
2011 01 25 10 06
2011 01 25 10 51
2011 01 25 16 11
2011 01 26 15 44
2011 01 27 00 17
2011 01 27 04 51
2011 01 27 23 19
2011 01 28 09 08
2011 01 28 13 09
2011 01 28 14 05
2011 01 28 16 34
2011 02 01 03 02
2011 02 01 23 48
2011 02 02 00 27
2011 02 02 00 47
2011 02 03 02 50
2011 02 03 07 15
2011 02 03 07 24
2011 02 03 21 13
2011 02 04 21 33
2011 02 05 08 34
2011 02 05 17 00
2011 02 06 09 32
2011 02 07 01 56
2011 02 07 07 13
2011 02 07 21 26
2011 02 10 11 22
2011 02 10 18 31
2011 02 11 15 08
2011 02 11 17 56
2011 02 12 04 18
2011 02 12 11 55
2011 02 12 12 29
2011 02 12 13 58
2011 02 12 19 33
2011 02 13 22 45
2011 02 14 06 25
2011 02 14 07 11
2011 02 14 12 38
2011 02 15 11 46
2011 02 16 00 37
2011 02 16 05 39
2011 02 16 19 34
2011 02 17 21 38
2011 02 20 00 04
2011 02 20 15 46
2011 02 21 11 33
2011 02 21 12 22
2011 02 21 13 11
2011 02 22 02 46
2011 02 22 08 45
2011 02 25 03 05
2011 02 25 03 42
2011 02 25 09 52
2011 02 26 07 31
2011 02 26 09 59
2011 02 26 13 29
2011 02 27 10 42
2011 02 27 16 51
2011 02 27 17 56
2011 03 01 11 43
2011 03 01 13 24
2011 03 01 21 03
2011 03 02 10 49
2011 03 02 13 58
2011 03 02 22 25
2011 03 03 01 27
2011 03 03 02 46
2011 03 03 03 49
2011 03 03 14 29
2011 03 03 22 57
2011 03 04 02 18
2011 03 04 12 18
2011 03 05 00 04
2011 03 05 00 27
2011 03 06 04 46
2011 03 06 09 48
2011 03 06 14 17
2011 03 06 14 35
2011 03 06 15 25
2011 03 06 20 18
2011 03 07 01 52
2011 03 07 08 16
2011 03 08 23 50
2011 03 09 02 10
2011 03 09 20 38
2011 03 09 22 07
2011 03 09 23 36
2011 03 10 11 15
2011 03 10 14 08
2011 03 10 22 03
2011 03 10 23 16
2011 03 11 01 44
2011 03 11 02 34
2011 03 11 07 24
2011 03 11 16 32
2011 03 12 02 33
2011 03 12 03 16
2011 03 12 15 51
2011 03 12 16 31
2011 03 13 05 53
2011 03 13 22 40
2011 03 14 08 38
2011 03 14 19 33
2011 03 14 21 09
2011 03 15 01 57
2011 03 16 13 25
2011 03 16 20 01
2011 03 17 00 24
2011 03 17 06 31
2011 03 17 07 03
2011 03 18 05 46
2011 03 18 09 36
2011 03 18 20 40
2011 03 19 01 31
2011 03 19 07 14
2011 03 19 14 01
2011 03 20 00 18
2011 03 20 05 03
2011 03 20 06 43
2011 03 20 09 20
2011 03 20 17 47
2011 03 21 06 24
2011 03 21 07 59
2011 03 21 11 41
2011 03 21 13 13
2011 03 21 16 23
2011 03 21 23 05
2011 03 22 02 16
2011 03 22 02 25
2011 03 22 05 50
2011 03 22 10 34
2011 03 22 11 35
2011 03 22 13 08
2011 03 22 14 21
2011 03 23 04 54
2011 03 23 18 44
2011 03 23 22 01
2011 03 23 23 48
2011 03 24 15 37
2011 03 25 07 41
2011 03 25 15 56
2011 03 25 16 37
2011 03 26 01 56
2011 03 26 07 40
2011 03 26 22 30
2011 03 27 09 50
2011 03 28 05 51
2011 03 28 10 36
2011 03 28 22 55
2011 04 01 02 24
2011 04 01 03 51
2011 04 01 22 58
2011 04 02 02 21
2011 04 02 15 35
2011 04 03 02 07
2011 04 04 07 38
2011 04 04 08 35
2011 04 04 22 47
2011 04 05 02 47
2011 04 05 05 40
2011 04 05 22 40
2011 04 05 23 55
2011 04 07 00 02
2011 04 07 06 27
2011 04 08 04 17
2011 04 08 11 38
2011 04 08 19 44
2011 04 08 19 48
2011 04 09 05 24
2011 04 10 16 08
2011 04 11 09 18
2011 04 11 20 08
2011 04 11 20 30
2011 04 12 15 13
2011 04 13 02 03
2011 04 13 08 53
2011 04 13 11 17
2011 04 14 00 18
2011 04 14 03 48
2011 04 14 13 36
2011 04 14 17 08
2011 04 14 18 38
2011 04 14 19 51
2011 04 15 09 25
2011 04 15 09 39
2011 04 15 20 35
2011 04 16 02 48
2011 04 16 03 11
2011 04 16 13 12
2011 04 17 02 51
2011 04 17 06 36
2011 04 18 04 04
2011 04 18 06 28
2011 04 18 12 48
2011 04 19 09 57
2011 04 19 14 39
2011 04 20 19 37
2011 04 21 20 27
2011 04 22 00 37
2011 04 22 04 22
2011 04 22 11 29
2011 04 22 15 54
2011 04 22 23 33
2011 04 23 01 18
2011 04 23 03 54
2011 04 23 17 13
2011 04 23 17 21
2011 04 23 20 27
2011 04 24 16 19
2011 04 25 11 25
2011 04 27 06 01
2011 04 27 13 40
2011 04 27 17 28
2011 04 27 18 56
2011 04 28 02 36
2011 04 28 13 14
2011 05 01 02 14
2011 05 01 04 48
2011 05 01 08 08
2011 05 01 15 00
2011 05 01 23 21
2011 05 02 03 45
2011 05 02 11 59
2011 05 03 00 49
2011 05 03 03 18
2011 05 03 07 37
2011 05 03 12 49
2011 05 03 15 11
2011 05 04 01 35
2011 05 04 05 30
2011 05 05 06 45
2011 05 05 09 52
2011 05 05 10 41
2011 05 05 12 39
2011 05 05 13 47
2011 05 05 18 10
2011 05 06 06 12
2011 05 06 08 35
2011 05 06 17 57
2011 05 06 22 01
2011 05 07 19 06
2011 05 08 01 30
2011 05 08 21 33
2011 05 08 22 28
2011 05 10 06 00
2011 05 10 17 39
2011 05 11 10 25
2011 05 11 12 07
2011 05 12 00 40
2011 05 12 02 25
2011 05 12 14 44
2011 05 12 21 20
2011 05 13 04 54
2011 05 13 04 56
2011 05 13 15 22
2011 05 13 18 50
2011 05 14 09 10
2011 05 14 09 29
2011 05 16 00 39
2011 05 16 04 28
2011 05 16 10 02
2011 05 16 16 37
2011 05 17 23 25
2011 05 18 02 00
2011 05 18 03 57
2011 05 18 18 24
2011 05 19 04 31
2011 05 20 01 38
2011 05 20 05 31
2011 05 21 01 52
2011 05 21 18 37
2011 05 22 05 52
2011 05 22 17 31
2011 05 23 02 02
2011 05 23 02 38
2011 05 23 15 20
2011 05 23 21 49
2011 05 24 09 14
2011 05 24 18 12
2011 05 24 23 05
2011 05 25 00 09
2011 05 25 05 52
2011 05 25 23 44
2011 05 26 19 03
2011 05 27 06 05
2011 05 27 15 34
2011 05 28 08 21
2011 06 01 10 59
2011 06 02 04 36
2011 06 03 14 27
2011 06 04 22 33
2011 06 04 22 36
2011 06 05 12 39
2011 06 06 06 43
2011 06 06 15 15
2011 06 06 20 02
2011 06 07 08 10
2011 06 07 17 39
2011 06 08 09 02
2011 06 08 19 58
2011 06 09 08 53
2011 06 09 09 44
2011 06 09 14 49
2011 06 09 16 01
2011 06 09 16 37
2011 06 09 23 07
2011 06 11 04 43
2011 06 12 03 35
2011 06 13 12 18
2011 06 13 23 34
2011 06 14 02 30
2011 06 14 09 48
2011 06 14 11 21
2011 06 14 14 35
2011 06 14 15 23
2011 06 15 00 17
2011 06 15 02 48
2011 06 15 08 06
2011 06 16 00 39
2011 06 16 05 03
2011 06 16 07 54
2011 06 16 09 44
2011 06 16 16 18
2011 06 17 02 14
2011 06 17 05 53
2011 06 17 07 18
2011 06 17 09 22
2011 06 17 17 14
2011 06 18 01 28
2011 06 18 08 52
2011 06 18 15 39
2011 06 19 03 48
2011 06 19 10 38
2011 06 19 12 36
2011 06 19 12 49
2011 06 19 18 32
2011 06 20 11 50
2011 06 20 11 57
2011 06 21 02 40
2011 06 21 10 29
2011 06 22 06 35
2011 06 22 11 36
2011 06 22 13 21
2011 06 22 13 57
2011 06 23 08 00
2011 06 23 09 00
2011 06 23 11 06
2011 06 24 08 27
2011 06 24 13 05
2011 06 24 14 13
2011 06 25 02 40
2011 06 25 16 40
2011 06 25 18 40
2011 06 25 20 30
2011 06 26 10 01
2011 06 26 20 10
2011 06 27 00 46
2011 06 27 05 04
2011 06 27 13 05
2011 06 28 01 28
2011 06 28 07 32
2011 06 28 08 26
2011 07 01 07 28
2011 07 01 11 11
2011 07 01 13 14
2011 07 01 20 49
2011 07 01 21 19
2011 07 02 17 30
2011 07 03 01 50
2011 07 03 08 00
2011 07 03 15 56
2011 07 03 22 49
2011 07 04 02 40
2011 07 04 05 21
2011 07 05 02 19
2011 07 05 02 36
2011 07 05 16 27
2011 07 06 16 54
2011 07 07 09 30
2011 07 07 22 38
2011 07 07 23 14
2011 07 08 05 44
2011 07 09 02 24
2011 07 09 04 49
2011 07 09 04 56
2011 07 09 14 37
2011 07 09 19 35
2011 07 10 08 45
2011 07 10 20 00
2011 07 11 07 27
2011 07 11 17 31
2011 07 11 19 31
2011 07 11 21 26
2011 07 12 03 47
2011 07 12 21 01
2011 07 12 22 12
2011 07 12 22 16
2011 07 13 11 04
2011 07 13 22 18
2011 07 14 18 50
2011 07 15 00 48
2011 07 15 08 17
2011 07 17 04 17
2011 07 17 04 49
2011 07 17 13 20
2011 07 19 15 13
2011 07 21 18 38
2011 07 22 11 28
2011 07 22 21 01
2011 07 22 21 02
2011 07 22 21 24
2011 07 23 00 27
2011 07 23 08 44
2011 07 23 15 16
2011 07 23 20 49
2011 07 24 05 54
2011 07 24 16 53
2011 07 24 17 36
2011 07 25 05 37
2011 07 25 09 43
2011 07 26 01 31
2011 07 26 06 11
2011 07 26 07 20
2011 07 26 12 17
2011 07 27 01 01
2011 07 27 01 40
2011 07 28 22 58
2011 08 01 16 31
2011 08 02 18 29
2011 08 03 00 31
2011 08 03 03 33
2011 08 03 06 48
2011 08 03 08 53
2011 08 03 16 52
2011 08 03 18 59
2011 08 03 19 29
2011 08 04 00 17
2011 08 05 06 29
2011 08 05 08 04
2011 08 06 06 16
2011 08 07 10 45
2011 08 07 17 57
2011 08 10 07 43
2011 08 10 13 51
2011 08 11 05 55
2011 08 11 17 01
2011 08 12 03 04
2011 08 12 23 15
2011 08 13 11 58
2011 08 13 15 07
2011 08 14 01 29
2011 08 14 06 25
2011 08 14 10 41
2011 08 15 14 45
2011 08 15 15 40
2011 08 16 05 34
2011 08 16 09 06
2011 08 16 21 40
2011 08 17 05 26
2011 08 18 11 38
2011 08 19 13 02
2011 08 19 22 00
2011 08 20 03 59
2011 08 20 14 17
2011 08 20 16 46
2011 08 20 18 58
2011 08 21 21 25
2011 08 22 01 27
2011 08 22 14 50
2011 08 22 22 42
2011 08 23 06 08
2011 08 23 11 33
2011 08 24 19 07
2011 08 26 05 09
2011 08 26 15 09
2011 08 26 18 03
2011 08 26 19 05
2011 08 27 17 40
2011 08 28 05 20
2011 08 28 17 02
2011 08 28 20 50
2011 09 02 05 59
2011 09 06 02 46
2011 09 06 07 25
2011 09 06 19 24
2011 09 07 00 43
2011 09 07 06 33
2011 09 07 08 31
2011 09 07 19 36
2011 09 08 18 19
2011 09 08 18 21
2011 09 08 20 51
2011 09 09 06 01
2011 09 09 07 01
2011 09 09 12 37
2011 09 10 00 25
2011 09 10 14 38
2011 09 11 12 05
2011 09 11 14 08
2011 09 12 17 41
2011 09 12 17 49
2011 09 13 19 23
2011 09 15 01 18
2011 09 15 04 20
2011 09 15 08 10
2011 09 16 17 07
2011 09 16 22 39
2011 09 17 02 50
2011 09 17 08 13
2011 09 17 13 08
2011 09 17 16 30
2011 09 17 20 37
2011 09 17 21 54
2011 09 18 02 15
2011 09 18 14 39
2011 09 19 01 30
2011 09 19 10 45
2011 09 19 20 26
2011 09 20 10 28
2011 09 20 15 11
2011 09 20 19 21
2011 09 21 00 36
2011 09 21 13 21
2011 09 22 11 41
2011 09 22 11 51
2011 09 22 18 42
2011 09 23 06 59
2011 09 23 12 52
2011 09 25 12 22
2011 09 26 18 54
2011 09 27 07 59
2011 09 27 16 37
2011 09 27 18 39
2011 09 28 02 08
2011 09 28 07 40
2011 09 28 15 22
2011 10 01 02 40
2011 10 01 07 40
2011 10 02 03 46
2011 10 02 09 34
2011 10 02 15 15
2011 10 03 01 32
2011 10 03 02 15
2011 10 03 04 30
2011 10 03 12 55
2011 10 03 17 43
2011 10 03 21 31
2011 10 05 09 08
2011 10 05 13 50
2011 10 05 13 51
2011 10 06 00 15
2011 10 06 13 42
2011 10 06 20 05
2011 10 09 17 10
2011 10 10 03 57
2011 10 10 05 01
2011 10 10 09 09
2011 10 10 11 27
2011 10 10 20 21
2011 10 11 08 07
2011 10 12 01 06
2011 10 12 05 27
2011 10 13 06 50
2011 10 13 09 57
2011 10 13 15 42
2011 10 13 17 27
2011 10 14 09 35
2011 10 14 18 48
2011 10 14 23 27
2011 10 15 11 32
2011 10 15 11 56
2011 10 16 00 56
2011 10 16 10 41
2011 10 16 14 09
2011 10 17 06 05
2011 10 17 21 02
2011 10 18 20 22
2011 10 19 22 05
2011 10 20 10 33
2011 10 21 21 37
2011 10 21 22 42
2011 10 22 01 44
2011 10 22 04 30
2011 10 22 10 05
2011 10 23 10 34
2011 10 24 00 16
2011 10 24 05 46
2011 10 24 06 22
2011 10 24 18 59
2011 10 25 03 50
2011 10 25 03 59
2011 10 26 02 40
2011 10 26 23 59
2011 10 27 09 38
2011 10 27 13 35
2011 10 27 14 12
2011 10 27 20 37
2011 10 27 22 02
2011 10 28 05 02
2011 10 28 08 56
2011 10 28 10 34
2011 11 02 00 06
2011 11 02 13 29
2011 11 02 13 47
2011 11 02 17 54
2011 11 03 18 16
2011 11 04 04 32
2011 11 04 08 48
2011 11 04 19 21
2011 11 05 05 06
2011 11 05 09 45
2011 11 06 16 20
2011 11 07 05 31
2011 11 07 13 20
2011 11 07 16 09
2011 11 07 16 11
2011 11 07 19 28
2011 11 08 03 35
2011 11 08 08 54
2011 11 08 16 21
2011 11 08 22 26
2011 11 09 04 00
2011 11 09 10 01
2011 11 09 14 30
2011 11 09 15 40
2011 11 09 23 21
2011 11 10 01 05
2011 11 10 04 35
2011 11 10 09 00
2011 11 10 14 44
2011 11 10 15 22
2011 11 10 22 24
2011 11 11 10 19
2011 11 12 03 15
2011 11 12 08 17
2011 11 14 06 16
2011 11 14 06 56
2011 11 14 07 38
2011 11 14 12 18
2011 11 14 23 00
2011 11 15 11 09
2011 11 15 12 54
2011 11 15 19 13
2011 11 15 23 53
2011 11 16 08 14
2011 11 16 10 31
2011 11 16 18 27
2011 11 16 21 02
2011 11 17 00 54
2011 11 17 05 27
2011 11 18 01 38
2011 11 18 11 27
2011 11 18 11 57
2011 11 18 12 32
2011 11 18 14 45
2011 11 18 19 20
2011 11 19 07 36
2011 11 20 12 10
2011 11 20 14 00
2011 11 20 17 55
2011 11 21 00 41
2011 11 21 00 54
2011 11 21 06 42
2011 11 21 16 59
2011 11 21 17 31
2011 11 22 01 29
2011 11 22 03 10
2011 11 22 06 45
2011 11 23 00 50
2011 11 25 02 14
2011 11 25 07 44
2011 11 25 11 19
2011 11 25 19 59
2011 11 26 03 25
2011 11 26 03 35
2011 11 27 08 36
2011 11 27 12 34
2011 11 27 13 16
2011 11 27 18 38
2011 11 28 09 15
2011 11 28 20 35
2011 12 01 01 17
2011 12 01 06 48
2011 12 02 07 33
2011 12 02 10 56
2011 12 03 22 21
2011 12 04 09 19
2011 12 04 19 37
2011 12 04 21 52
2011 12 06 01 42
2011 12 06 03 42
2011 12 06 08 20
2011 12 06 09 14
2011 12 06 13 17
2011 12 06 20 04
2011 12 07 07 21
2011 12 07 11 55
2011 12 07 12 38
2011 12 08 20 38
2011 12 09 00 05
2011 12 09 00 33
2011 12 09 01 03
2011 12 09 10 11
2011 12 10 06 31
2011 12 10 10 37
2011 12 10 10 39
2011 12 11 02 23
2011 12 11 07 25
2011 12 13 18 18
2011 12 14 12 16
2011 12 14 16 25
2011 12 15 04 41
2011 12 15 12 46
2011 12 15 14 53
2011 12 16 04 39
2011 12 16 12 42
2011 12 17 15 03
2011 12 17 19 26
2011 12 18 01 25
2011 12 18 02 35
2011 12 18 04 32
2011 12 18 10 00
2011 12 18 10 21
2011 12 18 17 37
2011 12 19 11 05
2011 12 19 16 13
2011 12 20 04 00
2011 12 20 04 24
2011 12 20 19 09
2011 12 20 22 45
2011 12 21 00 48
2011 12 21 02 18
2011 12 21 16 45
2011 12 22 11 10
2011 12 22 22 38
2011 12 23 03 43
2011 12 24 03 29
2011 12 24 09 43
2011 12 24 11 38
2011 12 24 19 44
2011 12 25 16 46
2011 12 25 21 05
2011 12 26 10 17
2011 12 26 11 01
2011 12 26 23 57
2011 12 27 02 00
2011 12 27 10 24
2011 12 27 14 57
2011 12 28 04 39
